(14998569219.0,)
(14998393257.0,)
(14998415959.0,)
(14998458278.0,)
(14998482933.0,)
(14998561536.0,)
(14998392086.0,)
(14998404435.0,)
(14998469953.0,)
(14998361777.0,)
(14998511427.0,)
(14998380122.0,)
(14998415601.0,)
(14998420361.0,)
(14998483718.0,)
(14998412440.0,)
(14998447802.0,)
(14998458334.0,)
(14998518813.0,)
(14998450244.0,)
(14998423391.0,)
(14998468601.0,)
(14998482199.0,)
(14998458139.0,)
(14998473869.0,)
(14998432084.0,)
(14998421283.0,)
(14998458475.0,)
(14998470846.0,)
(14998473115.0,)
(14998435094.0,)
(14998473582.0,)
(14998449479.0,)
(14998457708.0,)
(14998473025.0,)
(14998452406.0,)
(14998464695.0,)
(14998475965.0,)
(14998438454.0,)
(14998482581.0,)
