19.3312618732
18.5519900322
18.3531780243
18.403439045
18.1647799015
17.7978742123
18.3606040478
18.7122220993
17.9869217873
18.0159358978
17.9567530155
17.0531449318
16.8204438686
16.7847800255
16.4192419052
16.4480059147
17.1849441528
17.3916730881
17.1857769489
17.3178172112
16.4102530479
16.2275011539
15.9686100483
16.1472821236
15.1894381046
15.1688930988
15.3931970596
15.2695889473
15.9004719257
15.1698570251
15.3547739983
15.4489309788
14.8524670601
12.8744728565
11.2998678684
11.4675199986
11.2463390827
11.2611649036
11.1937680244
11.15102005
11.2077009678
11.2312488556
11.1721460819
11.161055088
10.9001801014
11.141479969
11.1558802128
11.1665329933
10.8001189232
10.871917963




